/*
 Cornu spiral.
 C(NU) is the x-axis.
 S(NU) is the y-axis.
 DELTA(NU)=0.01
*/
-4.998574E-01 -4.689392E-01
-4.902647E-01 -4.704702E-01
-4.816129E-01 -4.748863E-01
-4.747429E-01 -4.817554E-01
-4.703226E-01 -4.904059E-01
-4.687780E-01 -4.999980E-01
-4.702565E-01 -5.096000E-01
-4.746128E-01 -5.182853E-01
-4.814230E-01 -5.252150E-01
-4.900305E-01 -5.297246E-01
-4.996049E-01 -5.313821E-01
-5.092286E-01 -5.300313E-01
-5.179787E-01 -5.258045E-01
-5.250216E-01 -5.191073E-01
-5.296863E-01 -5.105817E-01
-5.315317E-01 -5.010388E-01
-5.303848E-01 -4.913877E-01
-5.263570E-01 -4.825411E-01
-5.198324E-01 -4.753366E-01
-5.114278E-01 -4.704515E-01
-5.019382E-01 -4.683446E-01
-4.922550E-01 -4.692111E-01
-4.832884E-01 -4.729668E-01
-4.758756E-01 -4.792583E-01
-4.707093E-01 -4.874942E-01
-4.682681E-01 -4.969063E-01
-4.687773E-01 -5.066168E-01
-4.721865E-01 -5.157229E-01
-4.781778E-01 -5.233829E-01
-4.861935E-01 -5.288881E-01
-4.954935E-01 -5.317335E-01
-5.052181E-01 -5.316588E-01
-5.144750E-01 -5.286736E-01
-5.224136E-01 -5.230550E-01
-5.283099E-01 -5.153188E-01
-5.316259E-01 -5.061749E-01
-5.320624E-01 -4.964569E-01
-5.295821E-01 -4.870510E-01
-5.244127E-01 -4.788095E-01
-5.170258E-01 -4.724794E-01
-5.080901E-01 -4.686302E-01
-4.984150E-01 -4.676078E-01
-4.888708E-01 -4.695012E-01
-4.803166E-01 -4.741374E-01
-4.735172E-01 -4.810989E-01
-4.690807E-01 -4.897592E-01
-4.674003E-01 -4.993449E-01
-4.686234E-01 -5.089990E-01
-4.726388E-01 -5.178648E-01
-4.790868E-01 -5.251543E-01
-4.873953E-01 -5.302249E-01
-4.968265E-01 -5.326295E-01
-5.065494E-01 -5.321590E-01
-5.157070E-01 -5.288571E-01
-5.234948E-01 -5.230172E-01
-5.292329E-01 -5.151525E-01
-5.324203E-01 -5.059541E-01
-5.327820E-01 -4.962246E-01
-5.302888E-01 -4.868134E-01
-5.251598E-01 -4.785366E-01
-5.178432E-01 -4.721125E-01
-5.089730E-01 -4.680941E-01
-4.993184E-01 -4.668269E-01
-4.897104E-01 -4.684173E-01
-4.809769E-01 -4.727255E-01
-4.738652E-01 -4.793800E-01
-4.689838E-01 -4.878074E-01
-4.667470E-01 -4.972875E-01
-4.673433E-01 -5.070091E-01
-4.707194E-01 -5.161465E-01
-4.765854E-01 -5.239229E-01
-4.844430E-01 -5.296819E-01
-4.936244E-01 -5.329376E-01
-5.033554E-01 -5.334182E-01
-5.128145E-01 -5.310860E-01
-5.212090E-01 -5.261391E-01
-5.278347E-01 -5.189957E-01
-5.321404E-01 -5.102540E-01
-5.337680E-01 -5.006459E-01
-5.325849E-01 -4.909736E-01
-5.286919E-01 -4.820391E-01
-5.224152E-01 -4.745844E-01
-5.142753E-01 -4.692235E-01
-5.049478E-01 -4.663981E-01
-4.952005E-01 -4.663380E-01
-4.858371E-01 -4.690454E-01
-4.776237E-01 -4.742960E-01
-4.712330E-01 -4.816566E-01
-4.671841E-01 -4.905252E-01
-4.658054E-01 -5.001758E-01
-4.672062E-01 -5.098246E-01
-4.712699E-01 -5.186868E-01
-4.776655E-01 -5.260472E-01
-4.858727E-01 -5.313112E-01
-4.952298E-01 -5.340573E-01
-5.049809E-01 -5.340668E-01
-5.143449E-01 -5.313415E-01
-5.225704E-01 -5.261028E-01
-5.290026E-01 -5.187711E-01
-5.331293E-01 -5.099344E-01
-5.346251E-01 -5.002955E-01
-5.333737E-01 -4.906224E-01
-5.294766E-01 -4.816796E-01
-5.232445E-01 -4.741742E-01
-5.151722E-01 -4.686972E-01
-5.058953E-01 -4.656766E-01
-4.961450E-01 -4.653476E-01
-4.866839E-01 -4.677332E-01
-4.782531E-01 -4.726439E-01
-4.715075E-01 -4.796949E-01
-4.669717E-01 -4.883342E-01
-4.649948E-01 -4.978908E-01
-4.657279E-01 -5.076216E-01
-4.691115E-01 -5.167761E-01
-4.748814E-01 -5.246471E-01
-4.825923E-01 -5.306314E-01
-4.916487E-01 -5.342705E-01
-5.013570E-01 -5.352885E-01
-5.109727E-01 -5.336102E-01
-5.197641E-01 -5.293658E-01
-5.270616E-01 -5.228819E-01
-5.323139E-01 -5.146518E-01
-5.351242E-01 -5.053023E-01
-5.352831E-01 -4.955394E-01
-5.327814E-01 -4.861017E-01
-5.278094E-01 -4.776973E-01
-5.207439E-01 -4.709575E-01
-5.121150E-01 -4.663842E-01
-5.025707E-01 -4.643179E-01
-4.928218E-01 -4.649097E-01
-4.835949E-01 -4.681132E-01
-4.755749E-01 -4.736871E-01
-4.693530E-01 -4.812173E-01
-4.653884E-01 -4.901441E-01
-4.639701E-01 -4.998096E-01
-4.652001E-01 -5.095004E-01
-4.689856E-01 -5.185071E-01
-4.750462E-01 -5.261693E-01
-4.829378E-01 -5.319303E-01
-4.920822E-01 -5.353711E-01
-5.018147E-01 -5.362446E-01
-5.114271E-01 -5.344899E-01
-5.202254E-01 -5.302364E-01
-5.275738E-01 -5.237947E-01
-5.329455E-01 -5.156299E-01
-5.359558E-01 -5.063321E-01
-5.363917E-01 -4.965675E-01
-5.342247E-01 -4.870369E-01
-5.296119E-01 -4.784185E-01
-5.228850E-01 -4.713266E-01
-5.145229E-01 -4.662621E-01
-5.051215E-01 -4.635828E-01
-4.953451E-01 -4.634751E-01
-4.858853E-01 -4.659438E-01
-4.774060E-01 -4.708131E-01
-4.705024E-01 -4.777382E-01
-4.656568E-01 -4.862311E-01
-4.632048E-01 -4.956980E-01
-4.633152E-01 -5.054762E-01
-4.659777E-01 -5.148871E-01
-4.710042E-01 -5.232763E-01
-4.780453E-01 -5.300655E-01
-4.866112E-01 -5.347865E-01
-4.961116E-01 -5.371170E-01
-5.058907E-01 -5.368990E-01
-5.152796E-01 -5.341501E-01
-5.236345E-01 -5.290615E-01
-5.303879E-01 -5.219822E-01
-5.350805E-01 -5.133976E-01
-5.373966E-01 -5.038908E-01
-5.371814E-01 -4.941088E-01
-5.344522E-01 -4.847113E-01
-5.293962E-01 -4.763334E-01
-5.223552E-01 -4.695361E-01
-5.138052E-01 -4.647751E-01
-5.043187E-01 -4.623661E-01
-4.945320E-01 -4.624678E-01
-4.850959E-01 -4.650709E-01
-4.766389E-01 -4.699990E-01
-4.697192E-01 -4.769237E-01
-4.647937E-01 -4.853844E-01
-4.621856E-01 -4.948201E-01
-4.620633E-01 -5.046102E-01
-4.644324E-01 -5.141097E-01
-4.691352E-01 -5.226983E-01
-4.758610E-01 -5.298141E-01
-4.841703E-01 -5.349962E-01
-4.935195E-01 -5.379086E-01
-5.033026E-01 -5.383656E-01
-5.128841E-01 -5.363402E-01
-5.216475E-01 -5.319654E-01
-5.290277E-01 -5.255265E-01
-5.345535E-01 -5.174382E-01
-5.378717E-01 -5.082222E-01
-5.387734E-01 -4.984672E-01
-5.372034E-01 -4.887977E-01
-5.332643E-01 -4.798269E-01
-5.272093E-01 -4.721249E-01
-5.194230E-01 -4.661765E-01
-5.104004E-01 -4.623564E-01
-5.007094E-01 -4.609021E-01
-4.909611E-01 -4.619027E-01
-4.817661E-01 -4.652926E-01
-4.736986E-01 -4.708572E-01
-4.672605E-01 -4.782469E-01
-4.628504E-01 -4.870001E-01
-4.607397E-01 -4.965721E-01
-4.610564E-01 -5.063694E-01
-4.637783E-01 -5.157868E-01
-4.687349E-01 -5.242447E-01
-4.756192E-01 -5.312248E-01
-4.840071E-01 -5.363009E-01
-4.933844E-01 -5.391649E-01
-5.031779E-01 -5.396447E-01
-5.127917E-01 -5.377139E-01
-5.216427E-01 -5.334923E-01
-5.291964E-01 -5.272380E-01
-5.349981E-01 -5.193309E-01
-5.387007E-01 -5.102484E-01
-5.400840E-01 -5.005382E-01
-5.390680E-01 -4.907822E-01
-5.357162E-01 -4.815634E-01
-5.302310E-01 -4.734305E-01
-5.229409E-01 -4.668658E-01
-5.142803E-01 -4.622566E-01
-5.047630E-01 -4.598733E-01
-4.949513E-01 -4.598539E-01
-4.854229E-01 -4.621968E-01
-4.767366E-01 -4.667616E-01
-4.694000E-01 -4.732787E-01
-4.638397E-01 -4.813652E-01
-4.603775E-01 -4.905485E-01
-4.592121E-01 -5.002937E-01
-4.604082E-01 -5.100358E-01
-4.638940E-01 -5.192117E-01
-4.694659E-01 -5.272933E-01
-4.768011E-01 -5.338172E-01
-4.854770E-01 -5.384114E-01
-4.949959E-01 -5.408153E-01
-5.048138E-01 -5.408944E-01
-5.143719E-01 -5.386470E-01
-5.231281E-01 -5.342033E-01
-5.305879E-01 -5.278174E-01
-5.363317E-01 -5.198522E-01
-5.400383E-01 -5.107573E-01
-5.415018E-01 -5.010456E-01
-5.406431E-01 -4.912615E-01
-5.375129E-01 -4.819513E-01
-5.322883E-01 -4.736332E-01
-5.252620E-01 -4.667681E-01
-5.168256E-01 -4.617347E-01
-5.074470E-01 -4.588090E-01
-4.976443E-01 -4.581496E-01
-4.879569E-01 -4.597902E-01
-4.789157E-01 -4.636379E-01
-4.710143E-01 -4.694797E-01
-4.646823E-01 -4.769947E-01
-4.602622E-01 -4.857720E-01
-4.579914E-01 -4.953340E-01
-4.579901E-01 -5.051625E-01
-4.602557E-01 -5.147268E-01
-4.646634E-01 -5.235127E-01
-4.709741E-01 -5.310495E-01
-4.788479E-01 -5.369354E-01
-4.878623E-01 -5.408584E-01
-4.975363E-01 -5.426120E-01
-5.073554E-01 -5.421056E-01
-5.167995E-01 -5.393689E-01
-5.253705E-01 -5.345493E-01
-5.326184E-01 -5.279026E-01
-5.381636E-01 -5.197808E-01
-5.417180E-01 -5.106108E-01
-5.430986E-01 -5.008729E-01
-5.422360E-01 -4.910750E-01
-5.391779E-01 -4.817261E-01
-5.340855E-01 -4.733100E-01
-5.272243E-01 -4.662602E-01
-5.189500E-01 -4.609384E-01
-5.096896E-01 -4.576157E-01
-4.999187E-01 -4.564600E-01
-4.901373E-01 -4.575275E-01
-4.808437E-01 -4.607611E-01
-4.725096E-01 -4.659937E-01
-4.655561E-01 -4.729577E-01
-4.603329E-01 -4.812990E-01
-4.571010E-01 -4.905954E-01
-4.560202E-01 -5.003787E-01
-4.571421E-01 -5.101578E-01
-4.604079E-01 -5.194442E-01
-4.656518E-01 -5.277755E-01
-4.726111E-01 -5.347391E-01
-4.809384E-01 -5.399916E-01
-4.902206E-01 -5.432755E-01
-4.999990E-01 -5.444316E-01
-5.097926E-01 -5.434058E-01
-5.191216E-01 -5.402508E-01
-5.275301E-01 -5.351240E-01
-5.346099E-01 -5.282776E-01
-5.400187E-01 -5.200464E-01
-5.434966E-01 -5.108310E-01
-5.448781E-01 -5.010780E-01
-5.440993E-01 -4.912579E-01
-5.412004E-01 -4.818426E-01
-5.363230E-01 -4.732826E-01
-5.297027E-01 -4.659857E-01
-5.216571E-01 -4.602978E-01
-5.125702E-01 -4.564870E-01
-5.028736E-01 -4.547312E-01
-4.930262E-01 -4.551108E-01
-4.834917E-01 -4.576051E-01
-4.747175E-01 -4.620942E-01
-4.671133E-01 -4.683653E-01
-4.610326E-01 -4.761232E-01
-4.567565E-01 -4.850050E-01
-4.544811E-01 -4.945970E-01
-4.543089E-01 -5.044541E-01
-4.562453E-01 -5.141214E-01
-4.601982E-01 -5.231541E-01
-4.659837E-01 -5.311387E-01
-4.733348E-01 -5.377114E-01
-4.819139E-01 -5.425743E-01
-4.913298E-01 -5.455086E-01
-5.011536E-01 -5.463834E-01
-5.109408E-01 -5.451623E-01
-5.202506E-01 -5.419029E-01
-5.286649E-01 -5.367547E-01
-5.358079E-01 -5.299507E-01
-5.413622E-01 -5.217974E-01
-5.450823E-01 -5.126596E-01
-5.468057E-01 -5.029446E-01
-5.464586E-01 -4.930836E-01
-5.440592E-01 -4.835120E-01
-5.397158E-01 -4.746509E-01
-5.336217E-01 -4.668883E-01
-5.260462E-01 -4.605624E-01
-5.173215E-01 -4.559473E-01
-5.078291E-01 -4.532414E-01
-4.979814E-01 -4.525595E-01
-4.882050E-01 -4.539283E-01
-4.789212E-01 -4.572860E-01
-4.705284E-01 -4.624855E-01
-4.633849E-01 -4.693015E-01
-4.577944E-01 -4.774406E-01
-4.539928E-01 -4.865541E-01
-4.521391E-01 -4.962538E-01
-4.523090E-01 -5.061282E-01
-4.544929E-01 -5.157607E-01
-4.585957E-01 -5.247452E-01
-4.644426E-01 -5.327064E-01
-4.717869E-01 -5.393125E-01
-4.803200E-01 -5.442900E-01
-4.896857E-01 -5.474343E-01
-4.994945E-01 -5.486175E-01
-5.093406E-01 -5.477936E-01
-5.188184E-01 -5.449994E-01
-5.275393E-01 -5.403522E-01
-5.351471E-01 -5.340450E-01
-5.413331E-01 -5.263374E-01
-5.458475E-01 -5.175452E-01
-5.485096E-01 -5.080264E-01
-5.492144E-01 -4.981668E-01
-5.479363E-01 -4.883645E-01
-5.447294E-01 -4.790132E-01
-5.397249E-01 -4.704869E-01
-5.331253E-01 -4.631249E-01
-5.251956E-01 -4.572185E-01
-5.162522E-01 -4.530002E-01
-5.066505E-01 -4.506343E-01
-4.967701E-01 -4.502115E-01
-4.869997E-01 -4.517457E-01
-4.777221E-01 -4.551738E-01
-4.692990E-01 -4.603593E-01
-4.620569E-01 -4.670981E-01
-4.562758E-01 -4.751256E-01
-4.521770E-01 -4.841297E-01
-4.499162E-01 -4.937616E-01
-4.495775E-01 -5.036501E-01
-4.511711E-01 -5.134159E-01
-4.546335E-01 -5.226860E-01
-4.598299E-01 -5.311081E-01
-4.665606E-01 -5.383636E-01
-4.745687E-01 -5.441799E-01
-4.835502E-01 -5.483397E-01
-4.931660E-01 -5.506888E-01
-5.030549E-01 -5.511421E-01
-5.128469E-01 -5.496854E-01
-5.221778E-01 -5.463756E-01
-5.307018E-01 -5.413384E-01
-5.381049E-01 -5.347629E-01
-5.441156E-01 -5.268934E-01
-5.485152E-01 -5.180215E-01
-5.511449E-01 -5.084735E-01
-5.519113E-01 -4.985989E-01
-5.507892E-01 -4.887579E-01
-5.478224E-01 -4.793072E-01
-5.431207E-01 -4.705880E-01
-5.368562E-01 -4.629135E-01
-5.292559E-01 -4.565574E-01
-5.205947E-01 -4.517459E-01
-5.111828E-01 -4.486481E-01
-5.013561E-01 -4.473715E-01
-4.914637E-01 -4.479587E-01
-4.818551E-01 -4.503860E-01
-4.728682E-01 -4.545652E-01
-4.648175E-01 -4.603469E-01
-4.579831E-01 -4.675265E-01
-4.526015E-01 -4.758514E-01
-4.488574E-01 -4.850309E-01
-4.468780E-01 -4.947455E-01
-4.467288E-01 -5.046593E-01
-4.484121E-01 -5.144309E-01
-4.518675E-01 -5.237256E-01
-4.569742E-01 -5.322264E-01
-4.635556E-01 -5.396454E-01
-4.713862E-01 -5.457323E-01
-4.801993E-01 -5.502833E-01
-4.896961E-01 -5.531474E-01
-4.995568E-01 -5.542312E-01
-5.094506E-01 -5.535010E-01
-5.190473E-01 -5.509841E-01
-5.280284E-01 -5.467669E-01
-5.360973E-01 -5.409919E-01
-5.429891E-01 -5.338522E-01
-5.484788E-01 -5.255845E-01
-5.523884E-01 -5.164624E-01
-5.545927E-01 -5.067851E-01
-5.550227E-01 -4.968686E-01
-5.536672E-01 -4.870350E-01
-5.505731E-01 -4.776024E-01
-5.458426E-01 -4.688741E-01
-5.396304E-01 -4.611292E-01
-5.321376E-01 -4.546141E-01
-5.236053E-01 -4.495347E-01
-5.143064E-01 -4.460500E-01
-5.045366E-01 -4.442678E-01
-4.946048E-01 -4.442416E-01
-4.848239E-01 -4.459695E-01
-4.755000E-01 -4.493944E-01
-4.669235E-01 -4.544067E-01
-4.593601E-01 -4.608478E-01
-4.530427E-01 -4.685156E-01
-4.481644E-01 -4.771713E-01
-4.448731E-01 -4.865468E-01
-4.432672E-01 -4.963532E-01
-4.433929E-01 -5.062901E-01
-4.452436E-01 -5.160546E-01
-4.487603E-01 -5.253507E-01
-4.538339E-01 -5.338980E-01
-4.603093E-01 -5.414405E-01
-4.679892E-01 -5.477528E-01
-4.766420E-01 -5.526483E-01
-4.860083E-01 -5.559836E-01
-4.958087E-01 -5.576622E-01
-5.057524E-01 -5.576371E-01
-5.155460E-01 -5.559120E-01
-5.249021E-01 -5.525402E-01
-5.335476E-01 -5.476235E-01
-5.412315E-01 -5.413076E-01
-5.477321E-01 -5.337785E-01
-5.528633E-01 -5.252563E-01
-5.564793E-01 -5.159882E-01
-5.584790E-01 -5.062421E-01
-5.588076E-01 -4.962977E-01
-5.574586E-01 -4.864390E-01
-5.544734E-01 -4.769461E-01
-5.499392E-01 -4.680872E-01
-5.439864E-01 -4.601110E-01
-5.367850E-01 -4.532403E-01
-5.285386E-01 -4.476655E-01
-5.194792E-01 -4.435399E-01
-5.098597E-01 -4.409757E-01
-4.999477E-01 -4.400411E-01
-4.900169E-01 -4.407592E-01
-4.803403E-01 -4.431073E-01
-4.711820E-01 -4.470185E-01
-4.627917E-01 -4.523832E-01
-4.553955E-01 -4.590530E-01
-4.491919E-01 -4.668453E-01
-4.443460E-01 -4.755480E-01
-4.409858E-01 -4.849257E-01
-4.391984E-01 -4.947263E-01
-4.390287E-01 -5.046877E-01
-4.404785E-01 -5.145453E-01
-4.435064E-01 -5.240385E-01
-4.480299E-01 -5.329176E-01
-4.539277E-01 -5.409508E-01
-4.610429E-01 -5.479296E-01
-4.691882E-01 -5.536739E-01
-4.781504E-01 -5.580370E-01
-4.876964E-01 -5.609086E-01
-4.975793E-01 -5.622174E-01
-5.075452E-01 -5.619327E-01
-5.173393E-01 -5.600646E-01
-5.267127E-01 -5.566636E-01
-5.354285E-01 -5.518185E-01
-5.432681E-01 -5.456543E-01
-5.500358E-01 -5.383284E-01
-5.555640E-01 -5.300264E-01
-5.597172E-01 -5.209573E-01
-5.623945E-01 -5.113477E-01
-5.635325E-01 -5.014361E-01
-5.631059E-01 -4.914682E-01
-5.611281E-01 -4.816885E-01
-5.576502E-01 -4.723357E-01
-5.527598E-01 -4.636370E-01
-5.465782E-01 -4.558021E-01
-5.392572E-01 -4.490188E-01
-5.309749E-01 -4.434484E-01
-5.219318E-01 -4.392220E-01
-5.123451E-01 -4.364382E-01
-5.024437E-01 -4.351603E-01
-4.924629E-01 -4.354159E-01
-4.826380E-01 -4.371960E-01
-4.731995E-01 -4.404559E-01
-4.643675E-01 -4.451166E-01
-4.563466E-01 -4.510669E-01
-4.493214E-01 -4.581663E-01
-4.434521E-01 -4.662485E-01
-4.388719E-01 -4.751257E-01
-4.356830E-01 -4.845929E-01
-4.339557E-01 -4.944331E-01
-4.337264E-01 -5.044218E-01
-4.349973E-01 -5.143328E-01
-4.377371E-01 -5.239426E-01
-4.418813E-01 -5.330364E-01
-4.473349E-01 -5.414121E-01
-4.539734E-01 -5.488840E-01
-4.616476E-01 -5.552887E-01
-4.701863E-01 -5.604868E-01
-4.793999E-01 -5.643665E-01
-4.890856E-01 -5.668454E-01
-4.990313E-01 -5.678723E-01
-5.090208E-01 -5.674278E-01
-5.188380E-01 -5.655242E-01
-5.282722E-01 -5.622056E-01
-5.371218E-01 -5.575457E-01
-5.451993E-01 -5.516466E-01
-5.523347E-01 -5.446361E-01
-5.583788E-01 -5.366648E-01
-5.632067E-01 -5.279023E-01
-5.667194E-01 -5.185340E-01
-5.688463E-01 -5.087568E-01
-5.695461E-01 -4.987746E-01
-5.688069E-01 -4.887946E-01
-5.666471E-01 -4.790223E-01
-5.631137E-01 -4.696578E-01
-5.582818E-01 -4.608918E-01
-5.522522E-01 -4.529011E-01
-5.451496E-01 -4.458460E-01
-5.371192E-01 -4.398669E-01
-5.283242E-01 -4.350816E-01
-5.189415E-01 -4.315831E-01
-5.091597E-01 -4.294387E-01
-4.991732E-01 -4.286879E-01
-4.891791E-01 -4.293426E-01
-4.793738E-01 -4.313870E-01
-4.699484E-01 -4.347784E-01
-4.610855E-01 -4.394478E-01
-4.529556E-01 -4.453023E-01
-4.457140E-01 -4.522264E-01
-4.394978E-01 -4.600849E-01
-4.344236E-01 -4.687259E-01
-4.305855E-01 -4.779832E-01
-4.280536E-01 -4.876803E-01
-4.268729E-01 -4.976333E-01
-4.270625E-01 -5.076552E-01
-4.286162E-01 -5.175584E-01
-4.315020E-01 -5.271592E-01
-4.356638E-01 -5.362805E-01
-4.410220E-01 -5.447552E-01
-4.474760E-01 -5.524294E-01
-4.549055E-01 -5.591648E-01
-4.631733E-01 -5.648410E-01
-4.721283E-01 -5.693576E-01
-4.816078E-01 -5.726358E-01
-4.914407E-01 -5.746197E-01
-5.014509E-01 -5.752767E-01
-5.114609E-01 -5.745979E-01
-5.212929E-01 -5.725984E-01
-5.307749E-01 -5.693161E-01
-5.397417E-01 -5.648115E-01
-5.480383E-01 -5.591656E-01
-5.555224E-01 -5.524787E-01
-5.620667E-01 -5.448687E-01
-5.675610E-01 -5.364682E-01
-5.719135E-01 -5.274225E-01
-5.750531E-01 -5.178868E-01
-5.769291E-01 -5.080237E-01
-5.775129E-01 -4.980001E-01
-5.767975E-01 -4.879842E-01
-5.747980E-01 -4.781432E-01
-5.715503E-01 -4.686399E-01
-5.671110E-01 -4.596307E-01
-5.615557E-01 -4.512624E-01
-5.549779E-01 -4.436705E-01
-5.474870E-01 -4.369769E-01
-5.392064E-01 -4.312878E-01
-5.302715E-01 -4.266927E-01
-5.208270E-01 -4.232627E-01
-5.110249E-01 -4.210499E-01
-5.010217E-01 -4.200865E-01
-4.909756E-01 -4.203850E-01
-4.810453E-01 -4.219376E-01
-4.713856E-01 -4.247171E-01
-4.621461E-01 -4.286774E-01
-4.534691E-01 -4.337544E-01
-4.454869E-01 -4.398671E-01
-4.383202E-01 -4.469194E-01
-4.320764E-01 -4.548016E-01
-4.268482E-01 -4.633918E-01
-4.227122E-01 -4.725587E-01
-4.197277E-01 -4.821633E-01
-4.179366E-01 -4.920608E-01
-4.173627E-01 -5.021034E-01
-4.180116E-01 -5.121422E-01
-4.198706E-01 -5.220294E-01
-4.229098E-01 -5.316206E-01
-4.270819E-01 -5.407768E-01
-4.323236E-01 -5.493664E-01
-4.385568E-01 -5.572668E-01
-4.456897E-01 -5.643666E-01
-4.536185E-01 -5.705666E-01
-4.622282E-01 -5.757806E-01
-4.713960E-01 -5.799378E-01
-4.809915E-01 -5.829822E-01
-4.908798E-01 -5.848742E-01
-5.009226E-01 -5.855904E-01
-5.109809E-01 -5.851238E-01
-5.209163E-01 -5.834839E-01
-5.305932E-01 -5.806959E-01
-5.398806E-01 -5.768007E-01
-5.486540E-01 -5.718539E-01
-5.567966E-01 -5.659246E-01
-5.642010E-01 -5.590948E-01
-5.707707E-01 -5.514574E-01
-5.764206E-01 -5.431160E-01
-5.810788E-01 -5.341821E-01
-5.846869E-01 -5.247741E-01
-5.872006E-01 -5.150159E-01
-5.885903E-01 -5.050346E-01
-5.888409E-01 -4.949595E-01
-5.879522E-01 -4.849199E-01
-5.859386E-01 -4.750435E-01
-5.828284E-01 -4.654550E-01
-5.786639E-01 -4.562745E-01
-5.734999E-01 -4.476158E-01
-5.674034E-01 -4.395855E-01
-5.604522E-01 -4.322812E-01
-5.527347E-01 -4.257912E-01
-5.443471E-01 -4.201927E-01
-5.353935E-01 -4.155514E-01
-5.259839E-01 -4.119210E-01
-5.162327E-01 -4.093425E-01
-5.062576E-01 -4.078438E-01
-4.961780E-01 -4.074399E-01
-4.861134E-01 -4.081326E-01
-4.761823E-01 -4.099106E-01
-4.665005E-01 -4.127502E-01
-4.571798E-01 -4.166155E-01
-4.483272E-01 -4.214588E-01
-4.400427E-01 -4.272220E-01
-4.324201E-01 -4.338363E-01
-4.255438E-01 -4.412244E-01
-4.194894E-01 -4.493005E-01
-4.143225E-01 -4.579721E-01
-4.100984E-01 -4.671407E-01
-4.068613E-01 -4.767030E-01
-4.046440E-01 -4.865527E-01
-4.034680E-01 -4.965807E-01
-4.033431E-01 -5.066772E-01
-4.042676E-01 -5.167328E-01
-4.062285E-01 -5.266391E-01
-4.092019E-01 -5.362906E-01
-4.131534E-01 -5.455856E-01
-4.180379E-01 -5.544264E-01
-4.238016E-01 -5.627216E-01
-4.303817E-01 -5.703861E-01
-4.377075E-01 -5.773421E-01
-4.457012E-01 -5.835201E-01
-4.542787E-01 -5.888590E-01
-4.633510E-01 -5.933068E-01
-4.728247E-01 -5.968212E-01
-4.826032E-01 -5.993695E-01
-4.925877E-01 -6.009293E-01
-5.026785E-01 -6.014879E-01
-5.127757E-01 -6.010429E-01
-5.227798E-01 -5.996017E-01
-5.325937E-01 -5.971813E-01
-5.421227E-01 -5.938084E-01
-5.512762E-01 -5.895181E-01
-5.599676E-01 -5.843545E-01
-5.681157E-01 -5.783694E-01
-5.756451E-01 -5.716217E-01
-5.824873E-01 -5.641773E-01
-5.885805E-01 -5.561078E-01
-5.938707E-01 -5.474898E-01
-5.983116E-01 -5.384044E-01
-6.018654E-01 -5.289362E-01
-6.045026E-01 -5.191722E-01
-6.062021E-01 -5.092019E-01
-6.069520E-01 -4.991151E-01
-6.067485E-01 -4.890020E-01
-6.055964E-01 -4.789523E-01
-6.035091E-01 -4.690539E-01
-6.005077E-01 -4.593928E-01
-5.966212E-01 -4.500522E-01
-5.918861E-01 -4.411112E-01
-5.863456E-01 -4.326451E-01
-5.800495E-01 -4.247243E-01
-5.730534E-01 -4.174139E-01
-5.654182E-01 -4.107729E-01
-5.572094E-01 -4.048545E-01
-5.484974E-01 -3.997054E-01
-5.393549E-01 -3.953650E-01
-5.298582E-01 -3.918662E-01
-5.200852E-01 -3.892342E-01
-5.101155E-01 -3.874875E-01
-5.000294E-01 -3.866368E-01
-4.899072E-01 -3.866858E-01
-4.798287E-01 -3.876312E-01
-4.698727E-01 -3.894623E-01
-4.601159E-01 -3.921619E-01
-4.506329E-01 -3.957061E-01
-4.414952E-01 -4.000649E-01
-4.327709E-01 -4.052024E-01
-4.245248E-01 -4.110769E-01
-4.168166E-01 -4.176419E-01
-4.097018E-01 -4.248461E-01
-4.032307E-01 -4.326340E-01
-3.974485E-01 -4.409465E-01
-3.923947E-01 -4.497213E-01
-3.881031E-01 -4.588933E-01
-3.846018E-01 -4.683954E-01
-3.819128E-01 -4.781587E-01
-3.800521E-01 -4.881133E-01
-3.790296E-01 -4.981889E-01
-3.788494E-01 -5.083150E-01
-3.795096E-01 -5.184212E-01
-3.810026E-01 -5.284384E-01
-3.833150E-01 -5.382990E-01
-3.864281E-01 -5.479369E-01
-3.903182E-01 -5.572885E-01
-3.949563E-01 -5.662927E-01
-4.003090E-01 -5.748914E-01
-4.063387E-01 -5.830300E-01
-4.130034E-01 -5.906574E-01
-4.202579E-01 -5.977263E-01
-4.280534E-01 -6.041939E-01
-4.363384E-01 -6.100213E-01
-4.450591E-01 -6.151747E-01
-4.541589E-01 -6.196241E-01
-4.635801E-01 -6.233450E-01
-4.732635E-01 -6.263174E-01
-4.831492E-01 -6.285262E-01
-4.931765E-01 -6.299611E-01
-5.032847E-01 -6.306166E-01
-5.134133E-01 -6.304920E-01
-5.235025E-01 -6.295911E-01
-5.334935E-01 -6.279225E-01
-5.433285E-01 -6.254990E-01
-5.529518E-01 -6.223375E-01
-5.623090E-01 -6.184593E-01
-5.713487E-01 -6.138892E-01
-5.800209E-01 -6.086560E-01
-5.882791E-01 -6.027915E-01
-5.960796E-01 -5.963306E-01
-6.033814E-01 -5.893115E-01
-6.101472E-01 -5.817745E-01
-6.163427E-01 -5.737625E-01
-6.219375E-01 -5.653201E-01
-6.269044E-01 -5.564941E-01
-6.312202E-01 -5.473323E-01
-6.348652E-01 -5.378839E-01
-6.378238E-01 -5.281988E-01
-6.400836E-01 -5.183277E-01
-6.416366E-01 -5.083209E-01
-6.424779E-01 -4.982300E-01
-6.426065E-01 -4.881052E-01
-6.420252E-01 -4.779966E-01
-6.407399E-01 -4.679537E-01
-6.387601E-01 -4.580246E-01
-6.360986E-01 -4.482567E-01
-6.327710E-01 -4.386955E-01
-6.287962E-01 -4.293853E-01
-6.241956E-01 -4.203684E-01
-6.189938E-01 -4.116850E-01
-6.132172E-01 -4.033736E-01
-6.068948E-01 -3.954700E-01
-6.000575E-01 -3.880078E-01
-5.927387E-01 -3.810184E-01
-5.849728E-01 -3.745302E-01
-5.767960E-01 -3.685694E-01
-5.682456E-01 -3.631590E-01
-5.593604E-01 -3.583197E-01
-5.501796E-01 -3.540692E-01
-5.407434E-01 -3.504225E-01
-5.310925E-01 -3.473919E-01
-5.212677E-01 -3.449866E-01
-5.113102E-01 -3.432136E-01
-5.012610E-01 -3.420766E-01
-4.911608E-01 -3.415771E-01
-4.810498E-01 -3.417138E-01
-4.709682E-01 -3.424828E-01
-4.609549E-01 -3.438779E-01
-4.510480E-01 -3.458904E-01
-4.412849E-01 -3.485095E-01
-4.317017E-01 -3.517220E-01
-4.223332E-01 -3.555128E-01
-4.132130E-01 -3.598648E-01
-4.043730E-01 -3.647591E-01
-3.958438E-01 -3.701750E-01
-3.876543E-01 -3.760902E-01
-3.798317E-01 -3.824810E-01
-3.724015E-01 -3.893224E-01
-3.653873E-01 -3.965881E-01
-3.588108E-01 -4.042509E-01
-3.526919E-01 -4.122824E-01
-3.470488E-01 -4.206535E-01
-3.418975E-01 -4.293344E-01
-3.372522E-01 -4.382949E-01
-3.331249E-01 -4.475042E-01
-3.295262E-01 -4.569311E-01
-3.264642E-01 -4.665444E-01
-3.239456E-01 -4.763128E-01
-3.219750E-01 -4.862049E-01
-3.205552E-01 -4.961895E-01
-3.196873E-01 -5.062357E-01
-3.193705E-01 -5.163130E-01
-3.196025E-01 -5.263910E-01
-3.203794E-01 -5.364403E-01
-3.216954E-01 -5.464317E-01
-3.235435E-01 -5.563369E-01
-3.259152E-01 -5.661283E-01
-3.288006E-01 -5.757792E-01
-3.321883E-01 -5.852637E-01
-3.360661E-01 -5.945567E-01
-3.404203E-01 -6.036347E-01
-3.452361E-01 -6.124742E-01
-3.504979E-01 -6.210538E-01
-3.561891E-01 -6.293526E-01
-3.622923E-01 -6.373512E-01
-3.687890E-01 -6.450310E-01
-3.756607E-01 -6.523750E-01
-3.828874E-01 -6.593671E-01
-3.904492E-01 -6.659925E-01
-3.983256E-01 -6.722377E-01
-4.064955E-01 -6.780903E-01
-4.149377E-01 -6.835392E-01
-4.236307E-01 -6.885744E-01
-4.325529E-01 -6.931874E-01
-4.416822E-01 -6.973705E-01
-4.509968E-01 -7.011174E-01
-4.604748E-01 -7.044230E-01
-4.700946E-01 -7.072831E-01
-4.798342E-01 -7.096948E-01
-4.896724E-01 -7.116563E-01
-4.995877E-01 -7.131667E-01
-5.095590E-01 -7.142261E-01
-5.195658E-01 -7.148359E-01
-5.295876E-01 -7.149980E-01
-5.396046E-01 -7.147155E-01
-5.495974E-01 -7.139924E-01
-5.595467E-01 -7.128333E-01
-5.694342E-01 -7.112437E-01
-5.792418E-01 -7.092301E-01
-5.889521E-01 -7.067993E-01
-5.985482E-01 -7.039589E-01
-6.080140E-01 -7.007174E-01
-6.173341E-01 -6.970835E-01
-6.264930E-01 -6.930668E-01
-6.354766E-01 -6.886772E-01
-6.442713E-01 -6.839250E-01
-6.528639E-01 -6.788210E-01
-6.612423E-01 -6.733765E-01
-6.693949E-01 -6.676030E-01
-6.773103E-01 -6.615123E-01
-6.849787E-01 -6.551167E-01
-6.923900E-01 -6.484284E-01
-6.995357E-01 -6.414601E-01
-7.064072E-01 -6.342243E-01
-7.129972E-01 -6.267338E-01
-7.192984E-01 -6.190019E-01
-7.253047E-01 -6.110412E-01
-7.310102E-01 -6.028650E-01
-7.364101E-01 -5.944861E-01
-7.414998E-01 -5.859177E-01
-7.462755E-01 -5.771726E-01
-7.507340E-01 -5.682638E-01
-7.548723E-01 -5.592040E-01
-7.586884E-01 -5.500059E-01
-7.621807E-01 -5.406820E-01
-7.653481E-01 -5.312447E-01
-7.681898E-01 -5.217060E-01
-7.707058E-01 -5.120780E-01
-7.728963E-01 -5.023726E-01
-7.747621E-01 -4.926010E-01
-7.763043E-01 -4.827748E-01
-7.775245E-01 -4.729048E-01
-7.784246E-01 -4.630019E-01
-7.790070E-01 -4.530765E-01
-7.792742E-01 -4.431387E-01
-7.792291E-01 -4.331987E-01
-7.788752E-01 -4.232659E-01
-7.782158E-01 -4.133496E-01
-7.772549E-01 -4.034588E-01
-7.759964E-01 -3.936022E-01
-7.744447E-01 -3.837881E-01
-7.726042E-01 -3.740246E-01
-7.704797E-01 -3.643194E-01
-7.680759E-01 -3.546798E-01
-7.653980E-01 -3.451130E-01
-7.624511E-01 -3.356256E-01
-7.592404E-01 -3.262241E-01
-7.557715E-01 -3.169146E-01
-7.520497E-01 -3.077029E-01
-7.480807E-01 -2.985945E-01
-7.438701E-01 -2.895945E-01
-7.394236E-01 -2.807077E-01
-7.347472E-01 -2.719389E-01
-7.298464E-01 -2.632922E-01
-7.247270E-01 -2.547715E-01
-7.193950E-01 -2.463807E-01
-7.138562E-01 -2.381232E-01
-7.081164E-01 -2.300020E-01
-7.021812E-01 -2.220200E-01
-6.960567E-01 -2.141800E-01
-6.897483E-01 -2.064843E-01
-6.832620E-01 -1.989349E-01
-6.766032E-01 -1.915338E-01
-6.697776E-01 -1.842828E-01
-6.627906E-01 -1.771831E-01
-6.556478E-01 -1.702361E-01
-6.483545E-01 -1.634427E-01
-6.409159E-01 -1.568038E-01
-6.333375E-01 -1.503200E-01
-6.256241E-01 -1.439918E-01
-6.177810E-01 -1.378193E-01
-6.098130E-01 -1.318027E-01
-6.017250E-01 -1.259421E-01
-5.935220E-01 -1.202369E-01
-5.852082E-01 -1.146870E-01
-5.767885E-01 -1.092918E-01
-5.682675E-01 -1.040506E-01
-5.596492E-01 -9.896265E-02
-5.509381E-01 -9.402701E-02
-5.421385E-01 -8.924262E-02
-5.332543E-01 -8.460836E-02
-5.242897E-01 -8.012297E-02
-5.152484E-01 -7.578509E-02
-5.061343E-01 -7.159323E-02
-4.969512E-01 -6.754589E-02
-4.877026E-01 -6.364144E-02
-4.783922E-01 -5.987812E-02
-4.690233E-01 -5.625415E-02
-4.595994E-01 -5.276772E-02
-4.501238E-01 -4.941684E-02
-4.405997E-01 -4.619954E-02
-4.310302E-01 -4.311375E-02
-4.214184E-01 -4.015737E-02
-4.117673E-01 -3.732824E-02
-4.020798E-01 -3.462415E-02
-3.923588E-01 -3.204281E-02
-3.826070E-01 -2.958197E-02
-3.728272E-01 -2.723922E-02
-3.630220E-01 -2.501226E-02
-3.531939E-01 -2.289861E-02
-3.433454E-01 -2.089586E-02
-3.334791E-01 -1.900153E-02
-3.235972E-01 -1.721314E-02
-3.137019E-01 -1.552811E-02
-3.037955E-01 -1.394392E-02
-2.938800E-01 -1.245805E-02
-2.839575E-01 -1.106786E-02
-2.740297E-01 -9.770750E-03
-2.640986E-01 -8.564108E-03
-2.541657E-01 -7.445330E-03
-2.442326E-01 -6.411757E-03
-2.343006E-01 -5.460727E-03
-2.243709E-01 -4.589566E-03
-2.144445E-01 -3.795590E-03
-2.045223E-01 -3.076151E-03
-1.946048E-01 -2.428514E-03
-1.846925E-01 -1.849987E-03
-1.747854E-01 -1.337812E-03
-1.648832E-01 -8.892277E-04
-1.549855E-01 -5.015071E-04
-1.450913E-01 -1.717891E-04
-1.351993E-01  1.027123E-04
-1.253078E-01  3.248914E-04
-1.154144E-01  4.977135E-04
-1.055164E-01  6.241307E-04
-9.561043E-02  7.072367E-04
-8.569247E-02  7.502069E-04
-7.575771E-02  7.562748E-04
-6.580071E-02  7.288580E-04
-5.581508E-02  6.714832E-04
-4.579344E-02  5.879430E-04
-3.572755E-02  4.821641E-04
-2.560788E-02  3.583169E-04
-1.542382E-02  2.208978E-04
-5.163291E-03  7.472781E-05
 5.162871E-03 -7.472473E-05
 1.542339E-02 -2.208888E-04
 2.560748E-02 -3.583025E-04
 3.572714E-02 -4.821445E-04
 4.579305E-02 -5.879483E-04
 5.581466E-02 -6.714842E-04
 6.580031E-02 -7.288552E-04
 7.575734E-02 -7.562673E-04
 8.569206E-02 -7.501963E-04
 9.561004E-02 -7.072533E-04
 1.055160E-01 -6.241446E-04
 1.154140E-01 -4.977240E-04
 1.253074E-01 -3.248999E-04
 1.351989E-01 -1.027205E-04
 1.450909E-01  1.717837E-04
 1.549851E-01  5.014741E-04
 1.648828E-01  8.892253E-04
 1.747850E-01  1.337780E-03
 1.846921E-01  1.849952E-03
 1.946045E-01  2.428484E-03
 2.045219E-01  3.076120E-03
 2.144441E-01  3.795558E-03
 2.243705E-01  4.589534E-03
 2.343002E-01  5.460665E-03
 2.442322E-01  6.411722E-03
 2.541653E-01  7.445296E-03
 2.640982E-01  8.564069E-03
 2.740293E-01  9.770685E-03
 2.839571E-01  1.106778E-02
 2.938796E-01  1.245800E-02
 3.037951E-01  1.394388E-02
 3.137015E-01  1.552803E-02
 3.235968E-01  1.721306E-02
 3.334787E-01  1.900148E-02
 3.433451E-01  2.089580E-02
 3.531935E-01  2.289852E-02
 3.630216E-01  2.501217E-02
 3.728268E-01  2.723915E-02
 3.826066E-01  2.958186E-02
 3.923584E-01  3.204273E-02
 4.020794E-01  3.462404E-02
 4.117669E-01  3.732812E-02
 4.214180E-01  4.015725E-02
 4.310298E-01  4.311362E-02
 4.405993E-01  4.619941E-02
 4.501234E-01  4.941671E-02
 4.595990E-01  5.276757E-02
 4.690230E-01  5.625404E-02
 4.783918E-01  5.987797E-02
 4.877023E-01  6.364128E-02
 4.969508E-01  6.754572E-02
 5.061340E-01  7.159307E-02
 5.152481E-01  7.578491E-02
 5.242893E-01  8.012278E-02
 5.332540E-01  8.460818E-02
 5.421382E-01  8.924242E-02
 5.509378E-01  9.402680E-02
 5.596489E-01  9.896246E-02
 5.682670E-01  1.040504E-01
 5.767882E-01  1.092916E-01
 5.852079E-01  1.146868E-01
 5.935216E-01  1.202367E-01
 6.017247E-01  1.259418E-01
 6.098127E-01  1.318025E-01
 6.177807E-01  1.378191E-01
 6.256238E-01  1.439915E-01
 6.333371E-01  1.503197E-01
 6.409157E-01  1.568035E-01
 6.483542E-01  1.634424E-01
 6.556475E-01  1.702358E-01
 6.627904E-01  1.771828E-01
 6.697773E-01  1.842825E-01
 6.766029E-01  1.915336E-01
 6.832618E-01  1.989346E-01
 6.897481E-01  2.064840E-01
 6.960564E-01  2.141797E-01
 7.021810E-01  2.220197E-01
 7.081161E-01  2.300016E-01
 7.138560E-01  2.381228E-01
 7.193949E-01  2.463804E-01
 7.247268E-01  2.547712E-01
 7.298461E-01  2.632918E-01
 7.347469E-01  2.719385E-01
 7.394235E-01  2.807074E-01
 7.438699E-01  2.895941E-01
 7.480805E-01  2.985941E-01
 7.520495E-01  3.077026E-01
 7.557713E-01  3.169143E-01
 7.592403E-01  3.262237E-01
 7.624510E-01  3.356252E-01
 7.653979E-01  3.451126E-01
 7.680759E-01  3.546794E-01
 7.704796E-01  3.643190E-01
 7.726041E-01  3.740242E-01
 7.744446E-01  3.837877E-01
 7.759963E-01  3.936018E-01
 7.772548E-01  4.034584E-01
 7.782158E-01  4.133492E-01
 7.788752E-01  4.232655E-01
 7.792291E-01  4.331983E-01
 7.792742E-01  4.431384E-01
 7.790070E-01  4.530760E-01
 7.784247E-01  4.630014E-01
 7.775246E-01  4.729044E-01
 7.763044E-01  4.827744E-01
 7.747622E-01  4.926007E-01
 7.728964E-01  5.023722E-01
 7.707059E-01  5.120777E-01
 7.681900E-01  5.217056E-01
 7.653482E-01  5.312442E-01
 7.621809E-01  5.406817E-01
 7.586886E-01  5.500056E-01
 7.548724E-01  5.592037E-01
 7.507341E-01  5.682635E-01
 7.462757E-01  5.771723E-01
 7.415001E-01  5.859173E-01
 7.364103E-01  5.944858E-01
 7.310104E-01  6.028647E-01
 7.253048E-01  6.110409E-01
 7.192986E-01  6.190016E-01
 7.129974E-01  6.267335E-01
 7.064075E-01  6.342239E-01
 6.995360E-01  6.414597E-01
 6.923903E-01  6.484282E-01
 6.849789E-01  6.551165E-01
 6.773106E-01  6.615121E-01
 6.693951E-01  6.676028E-01
 6.612427E-01  6.733763E-01
 6.528643E-01  6.788207E-01
 6.442716E-01  6.839248E-01
 6.354769E-01  6.886770E-01
 6.264933E-01  6.930667E-01
 6.173344E-01  6.970834E-01
 6.080145E-01  7.007173E-01
 5.985487E-01  7.039588E-01
 5.889524E-01  7.067991E-01
 5.792421E-01  7.092300E-01
 5.694345E-01  7.112437E-01
 5.595471E-01  7.128332E-01
 5.495977E-01  7.139924E-01
 5.396051E-01  7.147155E-01
 5.295881E-01  7.149980E-01
 5.195661E-01  7.148359E-01
 5.095593E-01  7.142262E-01
 4.995880E-01  7.131667E-01
 4.896728E-01  7.116563E-01
 4.798347E-01  7.096949E-01
 4.700950E-01  7.072832E-01
 4.604752E-01  7.044231E-01
 4.509971E-01  7.011175E-01
 4.416825E-01  6.973706E-01
 4.325532E-01  6.931875E-01
 4.236311E-01  6.885746E-01
 4.149382E-01  6.835394E-01
 4.064959E-01  6.780905E-01
 3.983259E-01  6.722379E-01
 3.904495E-01  6.659927E-01
 3.828877E-01  6.593673E-01
 3.756609E-01  6.523753E-01
 3.687894E-01  6.450313E-01
 3.622926E-01  6.373515E-01
 3.561893E-01  6.293529E-01
 3.504981E-01  6.210541E-01
 3.452363E-01  6.124745E-01
 3.404204E-01  6.036350E-01
 3.360663E-01  5.945572E-01
 3.321885E-01  5.852641E-01
 3.288007E-01  5.757797E-01
 3.259153E-01  5.661287E-01
 3.235436E-01  5.563373E-01
 3.216954E-01  5.464321E-01
 3.203794E-01  5.364407E-01
 3.196026E-01  5.263914E-01
 3.193705E-01  5.163134E-01
 3.196872E-01  5.062361E-01
 3.205552E-01  4.961899E-01
 3.219749E-01  4.862053E-01
 3.239455E-01  4.763132E-01
 3.264641E-01  4.665448E-01
 3.295260E-01  4.569315E-01
 3.331248E-01  4.475045E-01
 3.372520E-01  4.382952E-01
 3.418974E-01  4.293348E-01
 3.470487E-01  4.206538E-01
 3.526917E-01  4.122827E-01
 3.588105E-01  4.042512E-01
 3.653869E-01  3.965885E-01
 3.724012E-01  3.893226E-01
 3.798314E-01  3.824812E-01
 3.876540E-01  3.760904E-01
 3.958435E-01  3.701752E-01
 4.043726E-01  3.647593E-01
 4.132126E-01  3.598650E-01
 4.223329E-01  3.555129E-01
 4.317014E-01  3.517221E-01
 4.412846E-01  3.485096E-01
 4.510476E-01  3.458905E-01
 4.609544E-01  3.438779E-01
 4.709677E-01  3.424828E-01
 4.810495E-01  3.417138E-01
 4.911603E-01  3.415771E-01
 5.012605E-01  3.420766E-01
 5.113097E-01  3.432135E-01
 5.212672E-01  3.449866E-01
 5.310920E-01  3.473917E-01
 5.407429E-01  3.504224E-01
 5.501791E-01  3.540690E-01
 5.593600E-01  3.583195E-01
 5.682452E-01  3.631588E-01
 5.767958E-01  3.685692E-01
 5.849726E-01  3.745301E-01
 5.927386E-01  3.810182E-01
 6.000574E-01  3.880076E-01
 6.068944E-01  3.954696E-01
 6.132169E-01  4.033732E-01
 6.189935E-01  4.116846E-01
 6.241954E-01  4.203680E-01
 6.287959E-01  4.293849E-01
 6.327708E-01  4.386951E-01
 6.360984E-01  4.482562E-01
 6.387600E-01  4.580241E-01
 6.407399E-01  4.679532E-01
 6.420252E-01  4.779964E-01
 6.426065E-01  4.881049E-01
 6.424779E-01  4.982297E-01
 6.416366E-01  5.083207E-01
 6.400837E-01  5.183272E-01
 6.378239E-01  5.281984E-01
 6.348653E-01  5.378835E-01
 6.312203E-01  5.473319E-01
 6.269045E-01  5.564937E-01
 6.219377E-01  5.653197E-01
 6.163430E-01  5.737621E-01
 6.101475E-01  5.817742E-01
 6.033818E-01  5.893112E-01
 5.960798E-01  5.963305E-01
 5.882794E-01  6.027913E-01
 5.800211E-01  6.086559E-01
 5.713489E-01  6.138891E-01
 5.623094E-01  6.184591E-01
 5.529522E-01  6.223373E-01
 5.433290E-01  6.254988E-01
 5.334939E-01  6.279224E-01
 5.235030E-01  6.295910E-01
 5.134138E-01  6.304920E-01
 5.032852E-01  6.306166E-01
 4.931770E-01  6.299611E-01
 4.831494E-01  6.285263E-01
 4.732638E-01  6.263174E-01
 4.635803E-01  6.233451E-01
 4.541591E-01  6.196241E-01
 4.450593E-01  6.151747E-01
 4.363388E-01  6.100216E-01
 4.280538E-01  6.041942E-01
 4.202582E-01  5.977266E-01
 4.130037E-01  5.906577E-01
 4.063390E-01  5.830304E-01
 4.003093E-01  5.748918E-01
 3.949565E-01  5.662931E-01
 3.903184E-01  5.572889E-01
 3.864282E-01  5.479372E-01
 3.833150E-01  5.382992E-01
 3.810026E-01  5.284386E-01
 3.795097E-01  5.184214E-01
 3.788494E-01  5.083153E-01
 3.790296E-01  4.981893E-01
 3.800520E-01  4.881138E-01
 3.819127E-01  4.781591E-01
 3.846017E-01  4.683958E-01
 3.881029E-01  4.588937E-01
 3.923944E-01  4.497217E-01
 3.974482E-01  4.409469E-01
 4.032304E-01  4.326344E-01
 4.097016E-01  4.248462E-01
 4.168164E-01  4.176420E-01
 4.245246E-01  4.110771E-01
 4.327707E-01  4.052025E-01
 4.414948E-01  4.000651E-01
 4.506325E-01  3.957063E-01
 4.601155E-01  3.921620E-01
 4.698722E-01  3.894624E-01
 4.798283E-01  3.876312E-01
 4.899067E-01  3.866859E-01
 5.000289E-01  3.866368E-01
 5.101150E-01  3.874874E-01
 5.200847E-01  3.892341E-01
 5.298579E-01  3.918661E-01
 5.393547E-01  3.953649E-01
 5.484971E-01  3.997053E-01
 5.572093E-01  4.048544E-01
 5.654178E-01  4.107727E-01
 5.730530E-01  4.174135E-01
 5.800492E-01  4.247240E-01
 5.863453E-01  4.326447E-01
 5.918859E-01  4.411108E-01
 5.966210E-01  4.500517E-01
 6.005075E-01  4.593924E-01
 6.035089E-01  4.690534E-01
 6.055963E-01  4.789518E-01
 6.067484E-01  4.890018E-01
 6.069520E-01  4.991148E-01
 6.062022E-01  5.092016E-01
 6.045026E-01  5.191720E-01
 6.018655E-01  5.289358E-01
 5.983118E-01  5.384040E-01
 5.938709E-01  5.474894E-01
 5.885808E-01  5.561074E-01
 5.824876E-01  5.641770E-01
 5.756455E-01  5.716214E-01
 5.681160E-01  5.783691E-01
 5.599679E-01  5.843543E-01
 5.512766E-01  5.895179E-01
 5.421230E-01  5.938082E-01
 5.325939E-01  5.971813E-01
 5.227801E-01  5.996016E-01
 5.127760E-01  6.010429E-01
 5.026790E-01  6.014879E-01
 4.925882E-01  6.009293E-01
 4.826036E-01  5.993696E-01
 4.728251E-01  5.968213E-01
 4.633515E-01  5.933070E-01
 4.542792E-01  5.888592E-01
 4.457016E-01  5.835204E-01
 4.377079E-01  5.773425E-01
 4.303819E-01  5.703862E-01
 4.238018E-01  5.627217E-01
 4.180380E-01  5.544266E-01
 4.131535E-01  5.455859E-01
 4.092021E-01  5.362911E-01
 4.062287E-01  5.266396E-01
 4.042677E-01  5.167332E-01
 4.033431E-01  5.066777E-01
 4.034680E-01  4.965811E-01
 4.046440E-01  4.865531E-01
 4.068612E-01  4.767035E-01
 4.100983E-01  4.671411E-01
 4.143223E-01  4.579725E-01
 4.194892E-01  4.493007E-01
 4.255436E-01  4.412245E-01
 4.324199E-01  4.338365E-01
 4.400426E-01  4.272221E-01
 4.483267E-01  4.214590E-01
 4.571794E-01  4.166157E-01
 4.665000E-01  4.127503E-01
 4.761818E-01  4.099107E-01
 4.861130E-01  4.081326E-01
 4.961775E-01  4.074399E-01
 5.062571E-01  4.078438E-01
 5.162322E-01  4.093424E-01
 5.259834E-01  4.119209E-01
 5.353933E-01  4.155513E-01
 5.443469E-01  4.201925E-01
 5.527344E-01  4.257910E-01
 5.604520E-01  4.322810E-01
 5.674030E-01  4.395851E-01
 5.734996E-01  4.476154E-01
 5.786636E-01  4.562741E-01
 5.828283E-01  4.654546E-01
 5.859385E-01  4.750430E-01
 5.879521E-01  4.849194E-01
 5.888409E-01  4.949591E-01
 5.885903E-01  5.050341E-01
 5.872007E-01  5.150154E-01
 5.846870E-01  5.247739E-01
 5.810789E-01  5.341819E-01
 5.764207E-01  5.431159E-01
 5.707709E-01  5.514572E-01
 5.642013E-01  5.590945E-01
 5.567970E-01  5.659243E-01
 5.486544E-01  5.718536E-01
 5.398811E-01  5.768005E-01
 5.305936E-01  5.806957E-01
 5.209167E-01  5.834838E-01
 5.109814E-01  5.851238E-01
 5.009231E-01  5.855904E-01
 4.908800E-01  5.848743E-01
 4.809918E-01  5.829823E-01
 4.713962E-01  5.799379E-01
 4.622284E-01  5.757807E-01
 4.536187E-01  5.705668E-01
 4.456901E-01  5.643670E-01
 4.385571E-01  5.572672E-01
 4.323239E-01  5.493668E-01
 4.270821E-01  5.407772E-01
 4.229100E-01  5.316210E-01
 4.198708E-01  5.220299E-01
 4.180116E-01  5.121427E-01
 4.173627E-01  5.021039E-01
 4.179366E-01  4.920610E-01
 4.197276E-01  4.821635E-01
 4.227121E-01  4.725590E-01
 4.268481E-01  4.633920E-01
 4.320762E-01  4.548018E-01
 4.383199E-01  4.469197E-01
 4.454865E-01  4.398674E-01
 4.534687E-01  4.337547E-01
 4.621457E-01  4.286776E-01
 4.713851E-01  4.247173E-01
 4.810449E-01  4.219377E-01
 4.909752E-01  4.203850E-01
 5.010212E-01  4.200865E-01
 5.110244E-01  4.210498E-01
 5.208266E-01  4.232626E-01
 5.302711E-01  4.266925E-01
 5.392060E-01  4.312876E-01
 5.474866E-01  4.369766E-01
 5.549775E-01  4.436702E-01
 5.615554E-01  4.512620E-01
 5.671107E-01  4.596303E-01
 5.715501E-01  4.686395E-01
 5.747979E-01  4.781427E-01
 5.767975E-01  4.879837E-01
 5.775129E-01  4.979996E-01
 5.769292E-01  5.080233E-01
 5.750532E-01  5.178863E-01
 5.719137E-01  5.274220E-01
 5.675612E-01  5.364678E-01
 5.620670E-01  5.448684E-01
 5.555228E-01  5.524784E-01
 5.480387E-01  5.591653E-01
 5.397417E-01  5.648115E-01
 5.307749E-01  5.693161E-01
 5.212929E-01  5.725984E-01
 5.114609E-01  5.745979E-01
 5.014514E-01  5.752767E-01
 4.914411E-01  5.746198E-01
 4.816082E-01  5.726359E-01
 4.721288E-01  5.693578E-01
 4.631737E-01  5.648412E-01
 4.549058E-01  5.591651E-01
 4.474763E-01  5.524298E-01
 4.410223E-01  5.447556E-01
 4.356640E-01  5.362809E-01
 4.315022E-01  5.271596E-01
 4.286163E-01  5.175589E-01
 4.270626E-01  5.076557E-01
 4.268728E-01  4.976338E-01
 4.280535E-01  4.876807E-01
 4.305854E-01  4.779837E-01
 4.344234E-01  4.687263E-01
 4.394975E-01  4.600854E-01
 4.457137E-01  4.522267E-01
 4.529552E-01  4.453026E-01
 4.610851E-01  4.394481E-01
 4.699479E-01  4.347785E-01
 4.793733E-01  4.313871E-01
 4.891791E-01  4.293426E-01
 4.991732E-01  4.286879E-01
 5.091597E-01  4.294387E-01
 5.189415E-01  4.315831E-01
 5.283238E-01  4.350814E-01
 5.371188E-01  4.398667E-01
 5.451492E-01  4.458457E-01
 5.522519E-01  4.529007E-01
 5.582815E-01  4.608913E-01
 5.631135E-01  4.696574E-01
 5.666469E-01  4.790218E-01
 5.688069E-01  4.887941E-01
 5.695461E-01  4.987741E-01
 5.688465E-01  5.087563E-01
 5.667196E-01  5.185336E-01
 5.632069E-01  5.279019E-01
 5.583791E-01  5.366644E-01
 5.523350E-01  5.446358E-01
 5.451996E-01  5.516463E-01
 5.371222E-01  5.575454E-01
 5.282726E-01  5.622054E-01
 5.188385E-01  5.655241E-01
 5.090213E-01  5.674277E-01
 4.990318E-01  5.678723E-01
 4.890861E-01  5.668455E-01
 4.793999E-01  5.643665E-01
 4.701863E-01  5.604868E-01
 4.616476E-01  5.552887E-01
 4.539734E-01  5.488840E-01
 4.473349E-01  5.414121E-01
 4.418815E-01  5.330368E-01
 4.377373E-01  5.239431E-01
 4.349975E-01  5.143332E-01
 4.337264E-01  5.044223E-01
 4.339557E-01  4.944336E-01
 4.356829E-01  4.845934E-01
 4.388717E-01  4.751261E-01
 4.434519E-01  4.662489E-01
 4.493210E-01  4.581666E-01
 4.563462E-01  4.510672E-01
 4.643671E-01  4.451169E-01
 4.731990E-01  4.404561E-01
 4.826375E-01  4.371961E-01
 4.924624E-01  4.354160E-01
 5.024433E-01  4.351603E-01
 5.123446E-01  4.364381E-01
 5.219313E-01  4.392219E-01
 5.309744E-01  4.434482E-01
 5.392568E-01  4.490185E-01
 5.465779E-01  4.558018E-01
 5.527596E-01  4.636366E-01
 5.576502E-01  4.723357E-01
 5.611281E-01  4.816885E-01
 5.631059E-01  4.914682E-01
 5.635325E-01  5.014361E-01
 5.623946E-01  5.113472E-01
 5.597173E-01  5.209568E-01
 5.555642E-01  5.300260E-01
 5.500361E-01  5.383281E-01
 5.432684E-01  5.456539E-01
 5.354289E-01  5.518182E-01
 5.267131E-01  5.566634E-01
 5.173397E-01  5.600645E-01
 5.075457E-01  5.619327E-01
 4.975798E-01  5.622175E-01
 4.876969E-01  5.609087E-01
 4.781509E-01  5.580372E-01
 4.691887E-01  5.536742E-01
 4.610433E-01  5.479299E-01
 4.539280E-01  5.409512E-01
 4.480302E-01  5.329180E-01
 4.435066E-01  5.240389E-01
 4.404786E-01  5.145458E-01
 4.390288E-01  5.046882E-01
 4.391983E-01  4.947267E-01
 4.409857E-01  4.849261E-01
 4.443459E-01  4.755484E-01
 4.491919E-01  4.668453E-01
 4.553955E-01  4.590530E-01
 4.627917E-01  4.523832E-01
 4.711820E-01  4.470185E-01
 4.803399E-01  4.431075E-01
 4.900164E-01  4.407593E-01
 4.999472E-01  4.400411E-01
 5.098593E-01  4.409756E-01
 5.194787E-01  4.435398E-01
 5.285382E-01  4.476653E-01
 5.367846E-01  4.532400E-01
 5.439861E-01  4.601107E-01
 5.499389E-01  4.680868E-01
 5.544732E-01  4.769457E-01
 5.574585E-01  4.864385E-01
 5.588076E-01  4.962972E-01
 5.584790E-01  5.062416E-01
 5.564795E-01  5.159878E-01
 5.528635E-01  5.252559E-01
 5.477324E-01  5.337782E-01
 5.412318E-01  5.413073E-01
 5.335480E-01  5.476232E-01
 5.249026E-01  5.525401E-01
 5.155465E-01  5.559118E-01
 5.057529E-01  5.576370E-01
 4.958087E-01  5.576622E-01
 4.860083E-01  5.559836E-01
 4.766420E-01  5.526483E-01
 4.679892E-01  5.477528E-01
 4.603093E-01  5.414405E-01
 4.538342E-01  5.338984E-01
 4.487605E-01  5.253512E-01
 4.452437E-01  5.160551E-01
 4.433929E-01  5.062906E-01
 4.432671E-01  4.963536E-01
 4.448730E-01  4.865472E-01
 4.481642E-01  4.771717E-01
 4.530424E-01  4.685160E-01
 4.593598E-01  4.608481E-01
 4.669231E-01  4.544070E-01
 4.754995E-01  4.493946E-01
 4.848234E-01  4.459696E-01
 4.946044E-01  4.442417E-01
 5.045361E-01  4.442677E-01
 5.143059E-01  4.460498E-01
 5.236049E-01  4.495345E-01
 5.321372E-01  4.546139E-01
 5.396301E-01  4.611289E-01
 5.458423E-01  4.688737E-01
 5.505729E-01  4.776020E-01
 5.536671E-01  4.870346E-01
 5.550227E-01  4.968686E-01
 5.545927E-01  5.067851E-01
 5.523884E-01  5.164624E-01
 5.484788E-01  5.255845E-01
 5.429894E-01  5.338519E-01
 5.360977E-01  5.409916E-01
 5.280288E-01  5.467667E-01
 5.190477E-01  5.509839E-01
 5.094510E-01  5.535009E-01
 4.995573E-01  5.542312E-01
 4.896966E-01  5.531475E-01
 4.801997E-01  5.502834E-01
 4.713866E-01  5.457325E-01
 4.635560E-01  5.396457E-01
 4.569744E-01  5.322269E-01
 4.518677E-01  5.237260E-01
 4.484122E-01  5.144314E-01
 4.467288E-01  5.046598E-01
 4.468779E-01  4.947460E-01
 4.488573E-01  4.850313E-01
 4.526013E-01  4.758519E-01
 4.579829E-01  4.675268E-01
 4.648172E-01  4.603472E-01
 4.728678E-01  4.545654E-01
 4.818547E-01  4.503862E-01
 4.914633E-01  4.479588E-01
 5.013561E-01  4.473715E-01
 5.111828E-01  4.486481E-01
 5.205947E-01  4.517459E-01
 5.292559E-01  4.565574E-01
 5.368559E-01  4.629131E-01
 5.431204E-01  4.705876E-01
 5.478222E-01  4.793068E-01
 5.507892E-01  4.887574E-01
 5.519112E-01  4.985985E-01
 5.511450E-01  5.084730E-01
 5.485154E-01  5.180210E-01
 5.441158E-01  5.268931E-01
 5.381052E-01  5.347625E-01
 5.307022E-01  5.413382E-01
 5.221782E-01  5.463754E-01
 5.128474E-01  5.496852E-01
 5.030553E-01  5.511421E-01
 4.931665E-01  5.506889E-01
 4.835506E-01  5.483398E-01
 4.745691E-01  5.441802E-01
 4.665610E-01  5.383640E-01
 4.598302E-01  5.311084E-01
 4.546337E-01  5.226864E-01
 4.511713E-01  5.134163E-01
 4.495775E-01  5.036506E-01
 4.499162E-01  4.937616E-01
 4.521770E-01  4.841297E-01
 4.562758E-01  4.751256E-01
 4.620569E-01  4.670981E-01
 4.692986E-01  4.603596E-01
 4.777217E-01  4.551740E-01
 4.869992E-01  4.517458E-01
 4.967696E-01  4.502116E-01
 5.066500E-01  4.506342E-01
 5.162517E-01  4.530000E-01
 5.251952E-01  4.572183E-01
 5.331250E-01  4.631245E-01
 5.397247E-01  4.704865E-01
 5.447292E-01  4.790128E-01
 5.479362E-01  4.883640E-01
 5.492144E-01  4.981664E-01
 5.485097E-01  5.080259E-01
 5.458477E-01  5.175447E-01
 5.413333E-01  5.263370E-01
 5.351474E-01  5.340446E-01
 5.275396E-01  5.403519E-01
 5.188189E-01  5.449992E-01
 5.093411E-01  5.477936E-01
 4.994950E-01  5.486175E-01
 4.896861E-01  5.474344E-01
 4.803205E-01  5.442902E-01
 4.717869E-01  5.393125E-01
 4.644426E-01  5.327064E-01
 4.585957E-01  5.247452E-01
 4.544929E-01  5.157607E-01
 4.523091E-01  5.061287E-01
 4.521390E-01  4.962543E-01
 4.539927E-01  4.865546E-01
 4.577942E-01  4.774410E-01
 4.633846E-01  4.693019E-01
 4.705280E-01  4.624858E-01
 4.789208E-01  4.572862E-01
 4.882046E-01  4.539284E-01
 4.979810E-01  4.525596E-01
 5.078286E-01  4.532413E-01
 5.173211E-01  4.559472E-01
 5.260457E-01  4.605622E-01
 5.336214E-01  4.668880E-01
 5.397155E-01  4.746505E-01
 5.440590E-01  4.835116E-01
 5.464585E-01  4.930831E-01
 5.468057E-01  5.029442E-01
 5.450824E-01  5.126591E-01
 5.413623E-01  5.217969E-01
 5.358082E-01  5.299504E-01
 5.286652E-01  5.367544E-01
 5.202506E-01  5.419029E-01
 5.109408E-01  5.451623E-01
 5.011536E-01  5.463834E-01
 4.913298E-01  5.455086E-01
 4.819143E-01  5.425745E-01
 4.733351E-01  5.377117E-01
 4.659841E-01  5.311391E-01
 4.601985E-01  5.231545E-01
 4.562454E-01  5.141218E-01
 4.543090E-01  5.044546E-01
 4.544810E-01  4.945974E-01
 4.567564E-01  4.850055E-01
 4.610324E-01  4.761236E-01
 4.671130E-01  4.683656E-01
 4.747171E-01  4.620944E-01
 4.834912E-01  4.576053E-01
 4.930257E-01  4.551109E-01
 5.028732E-01  4.547312E-01
 5.125697E-01  4.564868E-01
 5.216567E-01  4.602976E-01
 5.297024E-01  4.659854E-01
 5.363227E-01  4.732822E-01
 5.412002E-01  4.818422E-01
 5.440992E-01  4.912574E-01
 5.448781E-01  5.010775E-01
 5.434967E-01  5.108305E-01
 5.400187E-01  5.200464E-01
 5.346099E-01  5.282776E-01
 5.275301E-01  5.351240E-01
 5.191216E-01  5.402508E-01
 5.097930E-01  5.434057E-01
 4.999995E-01  5.444316E-01
 4.902211E-01  5.432757E-01
 4.809388E-01  5.399918E-01
 4.726114E-01  5.347394E-01
 4.656521E-01  5.277759E-01
 4.604080E-01  5.194446E-01
 4.571422E-01  5.101582E-01
 4.560202E-01  5.003791E-01
 4.571008E-01  4.905959E-01
 4.603327E-01  4.812994E-01
 4.655558E-01  4.729581E-01
 4.725092E-01  4.659940E-01
 4.808432E-01  4.607613E-01
 4.901368E-01  4.575276E-01
 4.999183E-01  4.564600E-01
 5.096892E-01  4.576156E-01
 5.189496E-01  4.609382E-01
 5.272239E-01  4.662599E-01
 5.340852E-01  4.733096E-01
 5.391777E-01  4.817257E-01
 5.422360E-01  4.910750E-01
 5.430986E-01  5.008729E-01
 5.417180E-01  5.106108E-01
 5.381636E-01  5.197808E-01
 5.326184E-01  5.279026E-01
 5.253709E-01  5.345490E-01
 5.167999E-01  5.393687E-01
 5.073558E-01  5.421055E-01
 4.975367E-01  5.426120E-01
 4.878628E-01  5.408586E-01
 4.788482E-01  5.369357E-01
 4.709745E-01  5.310498E-01
 4.646637E-01  5.235130E-01
 4.602558E-01  5.147272E-01
 4.579901E-01  5.051630E-01
 4.579913E-01  4.953344E-01
 4.602620E-01  4.857724E-01
 4.646821E-01  4.769951E-01
 4.710140E-01  4.694800E-01
 4.789152E-01  4.636381E-01
 4.879564E-01  4.597903E-01
 4.976438E-01  4.581497E-01
 5.074465E-01  4.588089E-01
 5.168251E-01  4.617346E-01
 5.252616E-01  4.667678E-01
 5.322880E-01  4.736328E-01
 5.375129E-01  4.819513E-01
 5.406431E-01  4.912615E-01
 5.415018E-01  5.010456E-01
 5.400383E-01  5.107573E-01
 5.363319E-01  5.198517E-01
 5.305882E-01  5.278171E-01
 5.231284E-01  5.342031E-01
 5.143723E-01  5.386468E-01
 5.048143E-01  5.408944E-01
 4.949964E-01  5.408154E-01
 4.854774E-01  5.384116E-01
 4.768015E-01  5.338175E-01
 4.694662E-01  5.272936E-01
 4.638942E-01  5.192121E-01
 4.604083E-01  5.100362E-01
 4.592121E-01  5.002942E-01
 4.603774E-01  4.905489E-01
 4.638395E-01  4.813657E-01
 4.693997E-01  4.732790E-01
 4.767362E-01  4.667619E-01
 4.854225E-01  4.621969E-01
 4.949508E-01  4.598540E-01
 5.047625E-01  4.598733E-01
 5.142799E-01  4.622565E-01
 5.229405E-01  4.668655E-01
 5.302307E-01  4.734302E-01
 5.357162E-01  4.815634E-01
 5.390680E-01  4.907822E-01
 5.400840E-01  5.005382E-01
 5.387007E-01  5.102484E-01
 5.349983E-01  5.193304E-01
 5.291967E-01  5.272377E-01
 5.216432E-01  5.334920E-01
 5.127922E-01  5.377137E-01
 5.031784E-01  5.396447E-01
 4.933848E-01  5.391650E-01
 4.840076E-01  5.363011E-01
 4.756196E-01  5.312251E-01
 4.687352E-01  5.242451E-01
 4.637784E-01  5.157872E-01
 4.610565E-01  5.063698E-01
 4.607397E-01  4.965726E-01
 4.628503E-01  4.870006E-01
 4.672603E-01  4.782473E-01
 4.736983E-01  4.708575E-01
 4.817657E-01  4.652928E-01
 4.909607E-01  4.619028E-01
 5.007094E-01  4.609021E-01
 5.103994E-01  4.623562E-01
 5.194230E-01  4.661765E-01
 5.272087E-01  4.721243E-01
 5.332643E-01  4.798269E-01
 5.372032E-01  4.887968E-01
 5.387734E-01  4.984672E-01
 5.378719E-01  5.082213E-01
 5.345535E-01  5.174382E-01
 5.290283E-01  5.255258E-01
 5.216475E-01  5.319654E-01
 5.128850E-01  5.363398E-01
 5.033026E-01  5.383656E-01
 4.935204E-01  5.379088E-01
 4.841703E-01  5.349962E-01
 4.758617E-01  5.298147E-01
 4.691352E-01  5.226983E-01
 4.644324E-01  5.141097E-01
 4.620633E-01  5.046102E-01
 4.621856E-01  4.948201E-01
 4.647937E-01  4.853844E-01
 4.697192E-01  4.769237E-01
 4.766382E-01  4.699996E-01
 4.850959E-01  4.650709E-01
 4.945311E-01  4.624680E-01
 5.043187E-01  4.623661E-01
 5.138043E-01  4.647748E-01
 5.223552E-01  4.695361E-01
 5.293956E-01  4.763327E-01
 5.344522E-01  4.847113E-01
 5.371813E-01  4.941079E-01
 5.373966E-01  5.038908E-01
 5.350809E-01  5.133967E-01
 5.303879E-01  5.219822E-01
 5.236352E-01  5.290609E-01
 5.152796E-01  5.341501E-01
 5.058917E-01  5.368989E-01
 4.961116E-01  5.371170E-01
 4.866121E-01  5.347869E-01
 4.780453E-01  5.300655E-01
 4.710048E-01  5.232770E-01
 4.659777E-01  5.148871E-01
 4.633153E-01  5.054772E-01
 4.632048E-01  4.956980E-01
 4.656568E-01  4.862311E-01
 4.705024E-01  4.777382E-01
 4.774060E-01  4.708131E-01
 4.858845E-01  4.659442E-01
 4.953451E-01  4.634751E-01
 5.051206E-01  4.635827E-01
 5.145229E-01  4.662621E-01
 5.228842E-01  4.713260E-01
 5.296119E-01  4.784185E-01
 5.342245E-01  4.870360E-01
 5.363917E-01  4.965675E-01
 5.359560E-01  5.063312E-01
 5.329455E-01  5.156299E-01
 5.275744E-01  5.237940E-01
 5.202254E-01  5.302364E-01
 5.114280E-01  5.344896E-01
 5.018147E-01  5.362446E-01
 4.920831E-01  5.353713E-01
 4.829378E-01  5.319303E-01
 4.750468E-01  5.261700E-01
 4.689856E-01  5.185071E-01
 4.652003E-01  5.095013E-01
 4.639701E-01  4.998096E-01
 4.653881E-01  4.901450E-01
 4.693530E-01  4.812173E-01
 4.755749E-01  4.736871E-01
 4.835949E-01  4.681132E-01
 4.928218E-01  4.649097E-01
 5.025697E-01  4.643179E-01
 5.121150E-01  4.663842E-01
 5.207431E-01  4.709569E-01
 5.278094E-01  4.776973E-01
 5.327810E-01  4.861009E-01
 5.352831E-01  4.955394E-01
 5.351244E-01  5.053014E-01
 5.323139E-01  5.146518E-01
 5.270622E-01  5.228812E-01
 5.197641E-01  5.293658E-01
 5.109735E-01  5.336099E-01
 5.013570E-01  5.352885E-01
 4.916496E-01  5.342707E-01
 4.825923E-01  5.306314E-01
 4.748821E-01  5.246477E-01
 4.691115E-01  5.167761E-01
 4.657280E-01  5.076225E-01
 4.649948E-01  4.978908E-01
 4.669714E-01  4.883350E-01
 4.715075E-01  4.796949E-01
 4.782524E-01  4.726444E-01
 4.866839E-01  4.677332E-01
 4.961450E-01  4.653476E-01
 5.058953E-01  4.656766E-01
 5.151722E-01  4.686972E-01
 5.232445E-01  4.741742E-01
 5.294766E-01  4.816796E-01
 5.333734E-01  4.906215E-01
 5.346251E-01  5.002955E-01
 5.331296E-01  5.099335E-01
 5.290026E-01  5.187711E-01
 5.225710E-01  5.261022E-01
 5.143449E-01  5.313415E-01
 5.049818E-01  5.340667E-01
 4.952298E-01  5.340573E-01
 4.858736E-01  5.313115E-01
 4.776655E-01  5.260472E-01
 4.712704E-01  5.186876E-01
 4.672062E-01  5.098246E-01
 4.658054E-01  5.001767E-01
 4.671841E-01  4.905252E-01
 4.712325E-01  4.816574E-01
 4.776237E-01  4.742960E-01
 4.858363E-01  4.690458E-01
 4.952005E-01  4.663380E-01
 5.049468E-01  4.663980E-01
 5.142753E-01  4.692235E-01
 5.224152E-01  4.745844E-01
 5.286919E-01  4.820391E-01
 5.325849E-01  4.909736E-01
 5.337680E-01  5.006459E-01
 5.321404E-01  5.102540E-01
 5.278352E-01  5.189949E-01
 5.212090E-01  5.261391E-01
 5.128154E-01  5.310857E-01
 5.033554E-01  5.334182E-01
 4.936253E-01  5.329378E-01
 4.844430E-01  5.296819E-01
 4.765861E-01  5.239235E-01
 4.707194E-01  5.161465E-01
 4.673435E-01  5.070100E-01
 4.667470E-01  4.972875E-01
 4.689834E-01  4.878083E-01
 4.738652E-01  4.793800E-01
 4.809762E-01  4.727260E-01
 4.897104E-01  4.684173E-01
 4.993175E-01  4.668269E-01
 5.089730E-01  4.680941E-01
 5.178424E-01  4.721120E-01
 5.251598E-01  4.785366E-01
 5.302884E-01  4.868126E-01
 5.327820E-01  4.962246E-01
 5.324205E-01  5.059533E-01
 5.292329E-01  5.151525E-01
 5.234948E-01  5.230172E-01
 5.157070E-01  5.288571E-01
 5.065494E-01  5.321590E-01
 4.968274E-01  5.326296E-01
 4.873953E-01  5.302249E-01
 4.790876E-01  5.251549E-01
 4.726388E-01  5.178648E-01
 4.686237E-01  5.089999E-01
 4.674003E-01  4.993449E-01
 4.690804E-01  4.897601E-01
 4.735172E-01  4.810989E-01
 4.803159E-01  4.741380E-01
 4.888708E-01  4.695012E-01
 4.984141E-01  4.676078E-01
 5.080901E-01  4.686302E-01
 5.170249E-01  4.724789E-01
 5.244127E-01  4.788095E-01
 5.295818E-01  4.870502E-01
 5.320624E-01  4.964569E-01
 5.316261E-01  5.061740E-01
 5.283099E-01  5.153188E-01
 5.224143E-01  5.230544E-01
 5.144750E-01  5.286736E-01
 5.052191E-01  5.316586E-01
 4.954935E-01  5.317335E-01
 4.861935E-01  5.288881E-01
 4.781778E-01  5.233829E-01
 4.721865E-01  5.157229E-01
 4.687773E-01  5.066168E-01
 4.682681E-01  4.969063E-01
 4.707089E-01  4.874951E-01
 4.758756E-01  4.792583E-01
 4.832876E-01  4.729674E-01
 4.922550E-01  4.692111E-01
 5.019373E-01  4.683445E-01
 5.114278E-01  4.704515E-01
 5.198316E-01  4.753360E-01
 5.263570E-01  4.825411E-01
 5.303846E-01  4.913868E-01
 5.315317E-01  5.010388E-01
 5.296866E-01  5.105808E-01
 5.250216E-01  5.191073E-01
 5.179794E-01  5.258040E-01
 5.092286E-01  5.300313E-01
 4.996058E-01  5.313821E-01
 4.900305E-01  5.297246E-01
 4.814238E-01  5.252156E-01
 4.746128E-01  5.182853E-01
 4.702568E-01  5.096009E-01
 4.687780E-01  4.999980E-01
 4.703226E-01  4.904059E-01
 4.747429E-01  4.817554E-01
 4.816129E-01  4.748863E-01
 4.902647E-01  4.704702E-01
